0 0 0 0
99 164 126 0
250 91 133 1
109 87 122 1
97 138 122 0
45 121 148 0
17 181 106 0
9 9 98 0
195 247 7 0
30 206 253 0
56 29 114 1
97 144 138 0
93 161 202 0
217 76 40 0
89 150 69 0
54 165 132 0
205 133 156 0
25 203 54 0
198 15 62 0
228 103 26 0
177 224 47 0
145 193 18 0
33 94 177 0
204 138 77 0
168 105 207 1
193 186 145 0
41 239 138 0
239 255 106 0
134 92 50 0
10 154 193 0
172 37 74 1
235 185 89 0
199 23 249 1
198 188 122 0
12 89 27 0
184 25 40 0
237 208 178 0
235 97 85 0
106 87 233 0
31 164 169 0
66 158 108 0
106 48 125 1
231 203 112 0
147 15 72 1
182 110 224 1
58 156 242 0
215 121 171 1
176 145 86 0
4 69 87 0
92 181 122 0
64 173 42 0
65 146 178 0
109 173 95 0
62 156 216 0
235 5 156 0
39 47 46 0
161 170 98 0
63 79 135 0
171 70 238 1
226 14 73 0
253 178 130 0
170 171 3 0
74 76 214 0
99 47 68 0
68 245 210 0
53 122 244 0
194 193 55 0
135 217 2 0
232 103 45 0
157 105 169 1
199 151 144 0
211 11 209 1
69 127 112 0
195 245 145 0
4 170 88 0
47 207 89 0
179 163 137 0
73 28 232 0
115 178 137 0
181 164 177 0
182 185 169 0
82 159 130 0
126 45 109 1
47 38 128 0
209 253 16 0
140 160 90 0
241 36 109 0
253 19 42 0
125 56 212 1
31 162 186 0
190 73 79 0
212 164 158 0
206 149 181 1
56 230 242 0
111 54 175 1
96 89 106 0
247 190 40 0
232 85 109 0
234 66 208 0
59 225 209 0
188 88 222 1
174 177 192 0
209 199 17 0
116 224 68 0
143 30 4 0
147 58 179 1
126 88 147 0